k = 4
Centroides:
[[ 0.01362538 -0.22681037 -0.39249444 -0.51094757 -0.57606511 -0.39205163
  -0.22029573  0.12240749  0.56345841  0.89342919  1.09678628  0.92232521
   0.57027085  0.14660921 -0.2217231  -0.37639911 -0.54195998 -0.48456687
  -0.41627035 -0.22505679  0.03101633]

 [-0.00295603  0.43158582  0.71511482  0.91214329  1.03062204  1.08359661
   1.11525107  0.95643447  0.66962785  0.20300919 -0.33447065 -0.75675152
  -1.03007754 -1.04481843 -0.97475469 -0.837892   -0.68336714 -0.61306076
  -0.46485114 -0.28827486 -0.04089092]

 [-0.00320837 -0.27176502 -0.47206969 -0.57096813 -0.66330554 -0.84820225
  -0.99062088 -1.06502626 -1.03310567 -0.78190888 -0.36737055  0.15486367
   0.67353145  0.95277059  1.13212519  1.10738862  1.02866373  0.92701576
   0.74397997  0.45470936 -0.02196454]

 [-0.01611243  0.12323068  0.28987371  0.32254991  0.40248066  0.29009767
   0.15820574 -0.06791819 -0.4569635  -0.681594   -0.83124198 -0.65218164
  -0.41388891 -0.07173444  0.17845671  0.26228485  0.45091203  0.39152214
   0.31250861  0.13571619  0.0743902 ]]

