k = 3
[[-0.00180376  0.38279612  0.66453036  0.8504491   0.96086873  0.9910047
   1.0004738   0.82773082  0.52466658  0.07557603 -0.41900829 -0.75126192
  -0.96490172 -0.93040368 -0.83231271 -0.70138563 -0.54122911 -0.48265207
  -0.35976279 -0.2286385  -0.03325314]

 [ 0.01746061 -0.23203452 -0.39958531 -0.51846535 -0.58099216 -0.39458465
  -0.2284382   0.11503306  0.55286969  0.89485568  1.10343504  0.92539748
   0.5777552   0.15278037 -0.21832379 -0.36959498 -0.5349511  -0.48651444
  -0.41507381 -0.22930704  0.02428776]

 [-0.01205271 -0.19805607 -0.34638167 -0.43766819 -0.49829337 -0.67627672
  -0.81755246 -0.91761289 -0.96244091 -0.78543822 -0.45717162  0.01578252
   0.50488785  0.80762751  1.00413916  0.99345169  0.96475889  0.86784976
   0.68848451  0.41019036  0.01392726]]
