k = 2
[[ 1.17580503e-02  2.46330108e-01  4.34824109e-01  5.54696320e-01
   6.21190506e-01  7.08467604e-01  7.55748277e-01  7.21582808e-01
   6.09568856e-01  3.44932514e-01 -3.19838216e-04 -3.41417814e-01
  -6.23354445e-01 -7.19616379e-01 -7.53841625e-01 -6.94495029e-01
  -6.18429996e-01 -5.55975426e-01 -4.24703113e-01 -2.56139447e-01
  -1.10485269e-02]

 [-1.13241058e-02 -2.37239009e-01 -4.18776419e-01 -5.34224606e-01
  -5.98264747e-01 -6.82320782e-01 -7.27856507e-01 -6.94951955e-01
  -5.87072007e-01 -3.32202378e-01  3.08034214e-04  3.28817392e-01
   6.00348824e-01  6.93058099e-01  7.26020222e-01  6.68863881e-01
   5.95606117e-01  5.35456506e-01  4.09028950e-01  2.46686323e-01
   1.06407682e-02]]
